Year   Jan  Feb  Mar  Apr  May  Jun  Jul  Aug  Sep  Oct  Nov  Dec    J-D D-N    DJF  MAM  JJA  SON  Year
1881   -13  -15   -1   -2   -2  -25  -11   -6  -17  -22  -27  -17    -13 -13    -16   -2  -14  -22  1881
1882     3    5   -1  -23  -19  -31  -26  -10  -11  -24  -24  -37    -16 -15     -3  -14  -22  -20  1882
1883   -38  -37  -12  -19  -20   -7   -2  -13  -19  -18  -27  -19    -19 -21    -37  -17   -7  -22  1883
1884   -19  -13  -29  -35  -32  -35  -30  -24  -28  -25  -28  -24    -27 -26    -17  -32  -30  -27  1884
1885   -56  -28  -18  -36  -34  -39  -27  -24  -17  -14  -13    2    -25 -27    -36  -29  -30  -14  1885
1886   -36  -42  -33  -22  -20  -29  -11  -19  -11  -21  -27  -16    -24 -22    -25  -25  -20  -20  1886
1887   -58  -42  -24  -32  -27  -25  -18  -28  -23  -32  -27  -39    -31 -29    -38  -28  -23  -27  1887
1888   -42  -40  -38  -24  -25  -20  -10  -12  -10   -3    0   -9    -19 -22    -40  -29  -14   -4  1888
1889   -17   17    8    8    0   -9  -11  -18  -17  -20  -31  -29    -10  -8     -3    5  -13  -23  1889
1890   -40  -36  -36  -33  -43  -28  -24  -31  -31  -20  -44  -29    -33 -33    -35  -37  -27  -31  1890
1891   -42  -48  -18  -26  -20  -25  -24  -20  -16  -27  -40  -11    -27 -28    -40  -21  -23  -28  1891
1892   -35  -14  -35  -38  -34  -30  -33  -27  -20  -17  -47  -42    -31 -28    -20  -35  -30  -28  1892
1893   -84  -57  -27  -35  -44  -34  -16  -28  -23  -21  -20  -36    -36 -36    -61  -35  -26  -22  1893
1894   -54  -33  -24  -46  -37  -40  -25  -21  -25  -23  -34  -26    -32 -33    -41  -36  -29  -27  1894
1895   -50  -49  -29  -23  -29  -26  -18  -18   -9  -12  -15  -19    -25 -25    -41  -27  -21  -12  1895
1896   -30  -20  -33  -38  -24  -16   -9   -9   -6    4  -16  -13    -18 -18    -23  -32  -11   -6  1896
1897   -21  -22  -23  -11  -11  -22  -12  -18  -13  -18  -24  -27    -18 -17    -18  -15  -17  -18  1897
1898   -12  -38  -56  -34  -36  -24  -27  -26  -23  -35  -39  -26    -31 -31    -26  -42  -26  -32  1898
1899   -20  -39  -36  -21  -25  -35  -19  -13   -7   -7    6  -29    -20 -20    -28  -27  -23   -2  1899
1900   -37   -3    2  -15  -15  -21  -19  -14  -15   -4  -19  -13    -14 -16    -23  -10  -18  -12  1900
1901   -32   -7    1  -12  -23  -17  -17  -22  -25  -35  -25  -33    -21 -19    -17  -11  -19  -28  1901
1902   -20   -3  -29  -30  -35  -37  -29  -32  -26  -35  -41  -47    -30 -29    -19  -31  -33  -34  1902
1903   -25   -1  -20  -38  -40  -46  -36  -42  -44  -47  -44  -53    -36 -36    -24  -33  -41  -45  1903
1904   -66  -55  -43  -50  -50  -44  -46  -43  -46  -37  -18  -25    -44 -46    -58  -48  -44  -34  1904
1905   -33  -60  -28  -34  -31  -31  -30  -25  -21  -27  -12  -23    -29 -30    -39  -31  -29  -20  1905
1906   -30  -32  -15   -7  -24  -25  -32  -25  -30  -28  -47  -21    -26 -27    -28  -15  -28  -35  1906
1907   -46  -54  -33  -45  -51  -45  -38  -36  -32  -26  -53  -52    -42 -40    -40  -43  -40  -37  1907
1908   -44  -36  -56  -44  -38  -41  -41  -45  -34  -43  -50  -48    -43 -44    -44  -46  -42  -42  1908
1909   -65  -46  -50  -56  -54  -51  -40  -30  -35  -40  -33  -55    -46 -46    -53  -54  -40  -36  1909
1910   -44  -43  -48  -46  -44  -44  -35  -36  -38  -43  -54  -66    -45 -44    -48  -46  -38  -45  1910
1911   -62  -58  -63  -54  -51  -49  -39  -41  -37  -26  -22  -25    -44 -47    -62  -56  -43  -28  1911
1912   -29  -18  -41  -27  -29  -31  -47  -58  -54  -62  -45  -48    -41 -39    -24  -32  -45  -54  1912
1913   -47  -47  -45  -41  -49  -48  -38  -38  -39  -41  -25  -10    -39 -42    -48  -45  -41  -35  1913
1914    -3  -19  -27  -32  -26  -31  -35  -25  -23  -12  -24  -16    -23 -22    -11  -28  -30  -20  1914
1915   -25   -9  -16   -4  -15  -20  -11  -20  -17  -25  -13  -23    -16 -16    -17  -12  -17  -18  1915
1916   -20  -23  -33  -32  -34  -45  -33  -34  -34  -32  -40  -74    -36 -32    -22  -33  -37  -35  1916
1917   -43  -55  -52  -45  -58  -44  -25  -28  -27  -43  -33  -72    -44 -44    -57  -51  -32  -34  1917
1918   -44  -35  -26  -44  -40  -34  -29  -32  -21  -10  -21  -39    -31 -34    -50  -37  -31  -18  1918
1919   -26  -29  -29  -22  -32  -34  -28  -26  -23  -21  -39  -37    -29 -29    -31  -28  -29  -27  1919
1920   -15  -23   -5  -23  -23  -28  -26  -28  -30  -37  -38  -49    -27 -26    -25  -17  -27  -35  1920
1921    -7  -21  -25  -27  -27  -23  -13  -26  -20  -15  -23  -22    -21 -23    -26  -26  -20  -19  1921
1922   -34  -43  -19  -24  -32  -33  -26  -33  -32  -33  -19  -22    -29 -29    -33  -25  -31  -28  1922
1923   -27  -35  -29  -37  -34  -27  -33  -32  -29  -14   -2   -5    -26 -27    -28  -34  -31  -15  1923
1924   -21  -22   -8  -31  -20  -26  -25  -30  -27  -30  -15  -36    -24 -22    -16  -20  -27  -24  1924
1925   -33  -34  -23  -22  -31  -35  -28  -19  -17  -21   -2    6    -22 -25    -34  -25  -28  -13  1925
1926    16    7   12  -12  -23  -24  -21  -14   -9  -10   -6  -25     -9  -6     10   -8  -20   -8  1926
1927   -22  -15  -34  -28  -18  -24  -15  -21   -8    2   -2  -30    -18 -17    -21  -26  -20   -3  1927
1928     2   -5  -24  -23  -25  -32  -16  -21  -16  -16   -4  -12    -16 -18    -11  -24  -23  -12  1928
1929   -38  -51  -29  -36  -32  -37  -33  -27  -20  -10   -9  -48    -31 -28    -34  -32  -32  -13  1929
1930   -22  -21   -4  -20  -21  -18  -16  -11  -10   -8   16   -2    -11 -15    -30  -15  -15   -1  1930
1931    -4  -19   -5  -14  -17   -7   -2   -2   -5    3   -6   -3     -7  -7     -8  -12   -4   -2  1931
1932    16  -15  -13    0  -14  -24  -18  -18   -4    0  -19  -17    -10  -9     -1   -9  -20   -7  1932
1933   -26  -27  -24  -21  -24  -29  -18  -20  -23  -20  -27  -40    -25 -23    -23  -23  -22  -23  1933
1934   -19    1  -28  -27   -7   -9   -4   -8  -15   -5    7    1     -9 -13    -19  -20   -7   -4  1934
1935   -29   18   -9  -30  -24  -18  -13  -15  -13   -2  -24  -16    -15 -13     -3  -21  -15  -13  1935
1936   -21  -32  -20  -16  -12  -13    1   -6   -3   -1    0    2    -10 -12    -23  -16   -6   -1  1936
1937    -3   12  -11  -10    0    2    2    8   16   14   14   -3      3   4      4   -7    4   15  1937
1938    11    4   15   12    0   -8    3    3   11   18   12  -13      6   7      4    9   -1   14  1938
1939    -1   -2  -15   -5    0   -4   -4   -5   -2   -1    5   41      1  -4     -5   -7   -4    1  1939
1940   -12    9   10   15    7    4    8   -1   10    7    8   13      6   9     13   11    4    8  1940
1941     6   19    0    9   10    6   14    5   -8   17    6    8      8   8     13    6    8    5  1941
1942    27    3    7    9    8    3   -1   -3   -3    1    6    7      5   5     12    8    0    1  1942
1943   -11   10   -7    8    5   -7    7    0    5   22   15   19      6   5      2    2    0   14  1943
1944    31   19   19   11   13   10   11   10   19   17    6   -2     14  15     23   14   10   14  1944
1945     2   -9   -1    9   -1   -7   -5   16    8    9    1  -16      1   2     -3    2    1    6  1945
1946    14    7   -4    3  -11  -16  -10  -15   -9  -14   -5  -33     -8  -6      2   -4  -14   -9  1946
1947   -11   -9    4    3   -7   -8   -6   -8  -13    9    5  -10     -4  -6    -18    0   -8    0  1947
1948    12  -12  -21   -9    1   -6  -13  -14  -17  -11  -15  -19    -10 -10     -3  -10  -11  -14  1948
1949    12  -17   -5  -12  -12  -26  -17  -11  -14   -6   -9  -18    -11 -11     -8  -10  -18  -10  1949
1950   -29  -29   -7  -19  -11  -10  -15  -22  -12  -18  -33  -19    -19 -19    -25  -12  -16  -21  1950
1951   -33  -43  -20   -9    3   -5    0    7    5   10   -2   12     -6  -9    -32   -9    0    4  1951
1952    13   12   -9    5    0   -2    7    5    6   -2  -15   -1      2   3     12   -1    3   -4  1952
1953    11   20   13   20   10    6    0    8    6    7   -3    7      9   8     10   14    5    4  1953
1954   -22   -9  -13  -15  -19  -14  -17  -14   -7   -1    9  -15    -11 -10     -8  -16  -15    1  1954
1955    16  -16  -32  -18  -20  -10   -8    8  -10   -3  -26  -31    -12 -11     -5  -23   -3  -13  1955
1956   -16  -23  -19  -24  -25  -14  -10  -27  -15  -22  -15   -9    -18 -20    -24  -23  -17  -17  1956
1957   -12   -7   -8    0    5   16    0   19    9    0    8   16      4   2     -9   -1   12    5  1957
1958    38   24    9    2    5  -12    0   -8   -7    1    2   -1      4   6     26    5   -7   -1  1958
1959     8    6   17   14    2    2    4   -1   -5   -9   -9    1      3   2      4   11    2   -8  1959
1960    -4   12  -36  -17  -11   -3   -6   -1    5    6  -12   16     -4  -5      3  -21   -3    0  1960
1961     5   18    8   12   13   11    0    3    5    0    3  -16      5   8     13   11    5    3  1961
1962     7   15   10    6   -5    4    1    0   -1    0    8    0      4   2      2    4    2    2  1962
1963    -1   20  -15   -7   -5    5   12   24   20   16   17    0      7   7      6   -9   14   18  1963
1964    -7  -11  -23  -30  -25   -6   -6  -24  -29  -29  -18  -28    -20 -17     -6  -26  -12  -26  1964
1965    -6  -17  -10  -19  -12  -12  -13   -4  -15   -6   -6   -5    -10 -12    -17  -14  -10   -9  1965
1966   -16    0    6  -12   -9    0    7   -7   -1  -13    0   -4     -4  -4     -7   -5    0   -5  1966
1967    -5  -18    7   -3   14   -8    1    1   -5    9   -5    0     -1  -1     -9    6   -2   -1  1967
1968   -21  -12   25   -2  -11   -6   -7   -8  -17   11   -5  -13     -5  -4    -11    4   -7   -4  1968
1969   -11  -15    0   16   15    6   -3    2    9   12   14   29      6   3    -13   10    2   12  1969
1970    10   24    9    9   -3    1    0   -8   11    5    2  -11      4   7     21    5   -3    6  1970
1971     0  -18  -16   -8   -3  -16   -9    0    2   -3   -2   -5     -7  -7    -10   -9   -8   -1  1971
1972   -25  -16    3   -1    1    9    4   18    2    8    2   20      2   0    -15    1   10    4  1972
1973    28   32   26   26   25   18   10    4    9   13    5   -5     16  18     26   26   11    9  1973
1974   -14  -26   -5  -10   -1   -5   -3   10  -11   -6   -6   -8     -7  -7    -15   -5    1   -7  1974
1975     8    7   14    4   16    2    0  -20   -3  -10  -16  -18     -1   0      2   11   -6  -10  1975
1976    -3   -8  -22   -9  -22  -15   -9  -17  -10  -29   -8    4    -12 -14    -10  -18  -14  -15  1976
1977    12   15   21   23   27   25   19   16   -3    0   16    4     15  15     10   24   20    4  1977
1978     6   10   19   12    5    0    6  -16    7    1   14    6      6   6      6   12   -4    7  1978
1979    10  -12   15    8    1    9   -3    8   21   19   23   43     12   9      2    8    5   21  1979
1980    25   36   25   29   30   14   22   23   18   13   23   15     23  25     35   28   20   18  1980
1981    51   37   46   27   20   27   29   29   12    8   17   36     28  27     35   31   28   12  1981
1982     4   12   -6    5   10    2   11    5    9    8    9   38      9   9     17    3    6    9  1982
1983    49   35   38   27   34   17   13   27   35   11   27   13     27  29     41   33   19   24  1983
1984    26   11   24    6   31    3   13   12   13   11    1   -8     12  14     16   21    9    8  1984
1985    19   -8   13    5   13   15   -4   10   10    8    5   11      8   7      1   10    7    8  1985
1986    25   33   25   21   22   11    9    8   -3    9    5   10     15  15     23   23    9    4  1986
1987    30   41   12   21   22   32   41   21   34   26   20   43     29  26     27   18   31   27  1987
1988    53   36   44   39   40   37   30   39   36   34    6   28     35  37     44   41   36   26  1988
1989    11   31   32   27   12   11   29   31   32   28   14   32     24  24     23   24   24   25  1989
1990    35   35   71   50   41   33   39   26   25   37   40   37     39  39     34   54   33   34  1990
1991    38   46   32   46   33   50   47   37   42   26   27   30     38  38     40   37   44   32  1991
1992    41   37   43   21   29   21   10    6   -4    5   -1   18     19  20     36   31   12    0  1992
1993    34   36   33   22   22   19   24   11    6   19    4   17     21  21     29   26   18   10  1993
1994    27   -2   24   38   25   37   26   18   30   40   42   35     28  27     14   29   27   37  1994
1995    48   75   42   44   26   42   47   45   29   46   41   28     43  43     53   37   45   39  1995
1996    25   46   31   33   27   25   34   48   25   19   40   39     33  32     33   30   35   28  1996
1997    31   36   52   35   36   51   33   39   52   61   61   58     45  44     35   41   41   58  1997
1998    60   86   62   62   68   75   67   68   45   42   47   55     61  62     68   64   70   44  1998
1999    47   66   31   33   30   37   40   35   40   40   37   45     40  41     56   31   37   39  1999
2000    23   56   56   58   39   42   40   42   42   27   31   27     40  42     41   51   42   33  2000
2001    41   46   57   51   57   53   58   49   52   47   67   52     53  51     38   55   53   56  2001
2002    72   74   89   56   62   54   59   53   62   55   59   42     61  62     66   69   55   58  2002
2003    72   54   55   51   60   47   54   65   63   73   52   72     60  57     56   55   55   63  2003
2004    56   66   63   58   40   40   23   40   50   61   69   48     51  53     65   54   34   60  2004
2005    69   54   66   67   60   63   61   59   74   76   71   64     65  64     57   64   61   74  2005
2006    54   66   59   45   44   60   50   66   59   67   70   74     59  58     61   49   59   65  2006
2007    93   66   68   71   64   55   58   57   61   56   54   46     63  65     78   68   57   57  2007
2008    23   32   69   49   46   43   55   39   59   62   63   51     49  49     34   55   46   61  2008
2009    57   49   50   57   59   62   67   61   65   58   71   58     59  59     52   55   63   65  2009
2010    66   75   87   82   71   60   57   59   56   66   75   45     66  68     66   80   58   66  2010
2011    45   45   58   60   48   54   70   69   52   60   50   49     55  55     45   55   64   54  2011
2012    39   43   52   61   71   59   52   58   68   73   69   46     58  58     44   62   56   70  2012